1303156862
1303157160
1303158102
1302991545
1302991676
1303107201
1303182302
1303182771
1303183521
1303260181
1303335907
1303346150
1303352896
1303420654
1303438919
1303440924
1303512381
1303680071
1303813278
1303873879
1305673707
1305690536
1305700335
1305731427
1306020623
1306145695
1306171860
1306192665
1306235354
1306285352
1306319666
1306408710
1306426692
1306450399
1306450661
1306450693
1306494691
1306799844
1303265218
1303848856
1303864900
1305690981
1305692686
1306111474
1306111717
1306117213
1306117710
1302933062
1302955163
1302955179
1303048398
1303107027
1303157670
1303170212
1303182341
1303183759
1303260181
1303263594
1303266591
1303268748
1303294241
1303322390
1303338042
1303339449
1303340692
1303346139
1303352414
1303352485
1303352628
1303353337
1303380648
1303429294
1303432347
1303438876
1303439260
1303440747
1303440867
1303440954
1303468493
1303498934
1303511170
1303680747
1303726145
1303753178
1303771376
1303772916
1303780146
1303780373
1303782989
1303812588
1303816335
1303853978
1303856152
1303858406
1303873905
1303873919
1303899027
1303944807
1303961894
1303962113
1303985458
1303989727
1305655485
1305669254
1305670450
1305682402
1305683965
1305684032
1305684708
1305687085
1305687600
1305688472
1305690603
1305715049
1305722112
1305722452
1305731206
1305750740
1305761290
1306017139
1306019927
1306110358
1306110412
1306110445
1306111871
1306118774
1306140767
1306145592
1306148653
1306171844
1306201095
1306203304
1306205510
1306231993
1306254399
1306284618
1306291079
1306291139
1306322650
1306353658
1306369066
1306370562
1306372620
1306372945
1306376855
1306408737
1306426672
1306448512
1306456565
1306460221
1306487058
1306488444
1306491948
1306492102
1306516671
1302933649
1302955260
1302977906
1302978140
1302988762
1303046580
1303057000
1303057477
1303058011
1303064130
1303067553
1303082774
1303088885
1303089909
1303102199
1303107054
1303126201
1303127076
1303129765
1303151144
1303165051
1303171448
1303173832
1303183898
1303260181
1303266957
1303270280
1303294244
1303296390
1303322113
1303326821
1303336662
1303340465
1303340532
1303340749
1303340822
1303346167
1303349733
1303380478
1303382063
1303382227
1303382398
1303410906
1303418063
1303418993
1303419262
1303419319
1303420522
1303429294
1303441148
1303467220
1303468674
1303497109
1303512441
1303679886
1303726277
1303756967
1303763010
1303765668
1303771400
1303774466
1303778441
1303779373
1303779929
1303812591
1303834974
1303839221
1303867588
1303873065
1303899181
1303900732
1303929494
1303949565
1303985467
1303986178
1303987133
1305655573
1305655704
1305671476
1305676054
1305676532
1305687029
1305688455
1305698218
1305716307
1305717242
1305724841
1305751016
1305754793
1305755424
1305757775
1305763273
1305763666
1305763730
1305987715
1305993033
1305993066
1306009976
1306016316
1306022292
1306101001
1306102271
1306111943
1306114217
1306115605
1306116053
1306116710
1306117269
1306141398
1306145522
1306178088
1306180852
1306232139
1306259321
1306273028
1306275369
1306284631
1306288220
1306288911
1306318648
1306320565
1306353777
1306358121
1306405202
1306405453
1306430605
1306437133
1306445143
1306457435
1306458377
1306459130
1306460285
1306460983
1306461756
1306487432
1306491021
1306491974
1306496985
1306497033
1306518902
