1302950353
1302957204
1302994272
1303003793
1303046373
1303054772
1303065973
1303085420
1303093796
1303109093
1303127361
1303130763
1303132383
1303134519
1303149777
1303156126
1303165868
1303167948
1303185061
1303272515
1303303474
1303319995
1303322387
1303331538
1303347760
1303365767
1303374787
1303402117
1303416137
1303420671
1303431517
1303436772
1303463576
1303469298
1303495152
1303512457
1303546780
1303558695
1303578480
1303601009
1303606093
1303618096
1303640783
1303660755
1303680195
1303745438
1303750212
1303773130
1303789404
1303793146
1303798826
1303800769
1303828067
1303829979
1303831322
1303843880
1303855808
1303859624
1303869196
1303871504
1303876185
1303880730
1303885317
1303903530
1303905480
1303917008
1303954464
1303958676
1303966580
1303969736
1303978315
1303980458
1303997029
1303999093
1305662159
1305685100
1305704750
1305709491
1305720942
1305744722
1305765015
1305994843
1306014756
1306097362
1306100231
1306105934
1306110559
1306113876
1306125620
1306127683
1306140611
1306145187
1306147488
1306170783
1306178858
1306184500
1306209223
1306221843
1306240589
1306242786
1306247056
1306252231
1306282663
1306286707
1306300958
1306305008
1306309062
1306311098
1306315153
1306321270
1306322711
1306333312
1306339408
1306349613
1306356962
1306363013
1306371317
1306383638
1306393016
1306415939
1306426084
1306427502
1306446381
1306449961
1306475265
1306496510
1306506357
1306508318
1306513998
1306516715
