1303123327
1303128119
1303128129
1303128160
1303128224
1303128243
1303128254
1303128300
1303128311
1303128353
1303128361
1303128368
1303128376
1303128399
1303128436
1303128456
1303128481
1303128488
1303128523
1303166969
1303213456
1303382301
1306145865
1306147329
1306151465
1306153517
1306238966
1306239429
1306841449
1306842590
1306866589
1306867578
1306867595
1306867802
1306867877
1306867894
1306868229
1306869419
1306869587
1306869889
1306869967
1306869974
1306870031
1306871580
1306871890
1306872108
1306872156
1306872236
1306872246
1306872321
1306872528
1306872542
1306872687
1306872720
1306872751
1306872959
1306873016
1306873054
1306873137
1306873184
1306873351
1306873576
1306873612
1306873747
1306873754
1306873804
1306873875
1306873999
1306874060
1306874070
1306874110
1306874147
1306874211
1306874453
1306874474
1306874492
1306874521
1306874855
1306874928
1306874934
1306875083
1306875322
1306875359
1306875462
1306875479
1306875529
1306875597
1306875946
1306876007
1306876138
1306876273
1306876340
1306876370
1306876398
1306876434
1306876448
1306876573
1306876654
1306876822
1306876915
1306876953
1306877029
1306877366
1306877520
1306877684
1306877705
1306877725
1306882015
1306884750
1303129596
1303176630
1303214066
1303259569
1306100663
1306106701
1306112769
1306153449
1306804345
1306805477
1306805562
1306806162
1306880389
1306884409
1303165370
1303251390
1306100337
1306104254
1306119371
1306803812
1306880449
